Space Heating
Space Heating
Degree day sum: 12751.5
Load types
	Space Heating Avg:15000 - StdDev:0 Val:1
Busy timesteps: 0
78
75.00000000000001
78
71.25
65.625
59.249999999999986
58.5
68.25
69.375
67.5
61.50000000000001
67.875
72.75
77.625
84.375
91.50000000000001
81.375
80.24999999999999
75.75
57.000000000000014
66.75000000000001
78.75
70.875
81.75000000000001
83.25
105.75
105.75
100.87500000000003
78.75
72.37500000000001
70.50000000000001
53.250000000000014
57.374999999999986
47.24999999999999
49.124999999999986
52.5
63.75
55.49999999999999
41.624999999999986
37.5
45.75
37.125000000000014
60
52.875
64.87499999999999
66.75000000000001
66.00000000000001
70.875
56.625
68.25
73.125
70.875
64.12500000000001
76.49999999999999
82.875
78.00000000000001
70.50000000000001
60
70.50000000000001
62.999999999999986
55.49999999999999
37.125000000000014
53.62499999999999
66.75000000000001
55.49999999999999
72.75
76.49999999999999
55.87500000000001
46.125
40.50000000000002
43.499999999999986
66.00000000000001
51
66.75000000000001
57.75000000000001
52.875
72.75
67.125
67.875
69
66.00000000000001
61.50000000000001
62.25000000000001
49.124999999999986
46.50000000000001
46.50000000000001
43.499999999999986
46.125
60.375
64.50000000000001
50.25000000000001
57.75000000000001
56.25
49.124999999999986
43.499999999999986
37.5
34.87500000000002
57.374999999999986
61.50000000000001
60.750000000000014
52.12500000000001
54.75
54.75
49.124999999999986
51
43.499999999999986
45
31.500000000000014
31.125000000000014
23.24999999999998
34.124999999999986
27.75
20.625
0
0
0
25.50000000000002
37.125000000000014
0
0
0
0
0
0
0
0
0
0
0
0
0
0
0
0
21.00000000000001
20.24999999999999
0
0
0
0
21.00000000000001
33.75
41.99999999999999
26.625000000000007
35.999999999999986
0
0
0
0
21.00000000000001
0
34.124999999999986
31.500000000000014
33.75
0
0
0
0
0
0
29.250000000000014
0
0
0
0
0
0
0
0
30.749999999999986
27.375000000000014
0
0
0
0
0
0
19.49999999999998
24.750000000000007
29.250000000000014
30.749999999999986
28.499999999999996
31.500000000000014
21.00000000000001
0
0
0
0
0
0
0
32.624999999999986
19.49999999999998
0
0
22.5
20.625
25.50000000000002
25.874999999999996
19.49999999999998
22.5
22.5
25.50000000000002
0
25.124999999999975
21.750000000000025
0
0
0
0
0
0
22.5
0
0
0
0
0
0
0
0
0
0
0
0
0
0
0
0
0
0
0
0
0
0
0
0
0
0
0
0
0
0
0
0
0
0
0
27.375000000000014
33.375000000000014
30
23.24999999999998
23.24999999999998
0
0
0
0
0
0
0
0
19.12500000000001
28.125
34.499999999999986
40.124999999999986
37.5
40.50000000000002
34.124999999999986
35.999999999999986
34.499999999999986
23.999999999999996
20.24999999999999
0
0
0
0
0
22.124999999999996
24.750000000000007
0
0
36.374999999999986
45
43.499999999999986
40.124999999999986
39.749999999999986
30
30.375000000000004
25.50000000000002
25.50000000000002
0
0
28.499999999999996
37.874999999999986
33.375000000000014
34.87500000000002
33.75
36.75000000000002
41.99999999999999
32.249999999999986
23.24999999999998
37.874999999999986
40.124999999999986
28.499999999999996
34.87500000000002
32.249999999999986
37.125000000000014
43.499999999999986
41.25
39.749999999999986
46.50000000000001
53.62499999999999
41.25
35.999999999999986
44.250000000000014
48.37500000000001
54.00000000000001
54.375
54.75
43.125
43.499999999999986
45.75
51.37499999999999
58.5
61.50000000000001
59.249999999999986
55.87500000000001
55.87500000000001
46.125
46.87500000000001
48
55.125000000000014
53.250000000000014
52.875
51.37499999999999
44.250000000000014
55.125000000000014
62.999999999999986
58.5
49.875
54.375
53.250000000000014
60.750000000000014
61.50000000000001
51
54.00000000000001
45
38.249999999999986
28.874999999999986
32.624999999999986
45.37499999999999
57.000000000000014
67.5
67.875
69
76.12500000000001
81
92.24999999999999
90
91.50000000000001
81.375
85.5
77.25
72.75
72.37500000000001
78.00000000000001
75
78.00000000000001
71.25
